{
 "cells": [
  {
   "cell_type": "markdown",
   "id": "b5f7d566",
   "metadata": {},
   "source": [
    "SVD Code Caleb Smith, Paige Swanson, Grace Tobin"
   ]
  },
  {
   "cell_type": "code",
   "execution_count": 17,
   "id": "0d279a78",
   "metadata": {},
   "outputs": [],
   "source": [
    "import numpy as np"
   ]
  },
  {
   "cell_type": "code",
   "execution_count": 18,
   "id": "9475f99b",
   "metadata": {},
   "outputs": [],
   "source": [
    "# returns the transpose of A times A\n",
    "def ATxA(A):\n",
    "    return np.matrix(A).transpose() * A"
   ]
  },
  {
   "cell_type": "code",
   "execution_count": 19,
   "id": "d6b0bdc2",
   "metadata": {},
   "outputs": [],
   "source": [
    "# returns the transpose of A times A\n",
    "def AxAT(A):\n",
    "    return A * np.matrix(A).transpose()"
   ]
  },
  {
   "cell_type": "code",
   "execution_count": 20,
   "id": "6ac59ba7",
   "metadata": {},
   "outputs": [],
   "source": [
    "def getEigenvalues(A):\n",
    "    # get eigenvalues with corresponding eigenvectors\n",
    "    eigenvalues, eigenvectors = np.linalg.eigh(A)\n",
    "    \n",
    "    # Order eigenvalues and corresponding vectors in descending order\n",
    "    order = np.argsort(eigenvalues)[::-1]\n",
    "    eigenvalues = eigenvalues[order]\n",
    "    eigenvectors = eigenvectors[:, order]\n",
    "    return eigenvalues, eigenvectors"
   ]
  },
  {
   "cell_type": "code",
   "execution_count": 21,
   "id": "47ef0628",
   "metadata": {},
   "outputs": [],
   "source": [
    "def SingularValues(eigenvalues):\n",
    "    # return singular values the square root of the eigenvalues\n",
    "    return np.sqrt(eigenvalues)\n",
    "    "
   ]
  },
  {
   "cell_type": "code",
   "execution_count": 22,
   "id": "974d49a8",
   "metadata": {},
   "outputs": [],
   "source": [
    "def OrthoMatrix(eigenvectors):    \n",
    "    # normalize\n",
    "    for i in range(eigenvectors.shape[1]):\n",
    "        norm = np.linalg.norm(eigenvectors[:, i])\n",
    "        if norm > 0:\n",
    "            eigenvectors[:, i] /= norm\n",
    "\n",
    "    return np.matrix(eigenvectors)\n",
    "        \n",
    "    "
   ]
  },
  {
   "cell_type": "code",
   "execution_count": 23,
   "id": "d209d073",
   "metadata": {},
   "outputs": [],
   "source": [
    "def SVD(A):\n",
    "    \"Input is a numpy matrix. Returns the orthogonal matrix U, the singular value matrix S, and the orthogonal matrix V^T.\"\n",
    "    # compute A^T * A and A * A^T\n",
    "    ATA = ATxA(A)\n",
    "    AAT = AxAT(A)\n",
    "    \n",
    "    # get eigenvalues with corresponding eigenvectors\n",
    "    eigenvaluesATA, eigenvectorsATA = getEigenvalues(ATA)\n",
    "    eigenvaluesAAT, eigenvectorsAAT = getEigenvalues(AAT)\n",
    "    \n",
    "    # Singular Value Matrix\n",
    "    S_vec = SingularValues(eigenvaluesATA)\n",
    "    S_mat = np.zeros(A.shape)\n",
    "    for i in range(S_vec.size):\n",
    "        S_mat[i,i] = S_vec[i]\n",
    "    \n",
    "    # V transpose matrix\n",
    "    V_mat = OrthoMatrix(eigenvectorsATA).transpose()\n",
    "    \n",
    "    # U matrix\n",
    "    U_mat = OrthoMatrix(eigenvectorsAAT)\n",
    "    return U_mat, S_mat, V_mat"
   ]
  },
  {
   "cell_type": "markdown",
   "id": "18fd2daa",
   "metadata": {},
   "source": [
    "Example"
   ]
  },
  {
   "cell_type": "code",
   "execution_count": 26,
   "id": "451fab6a",
   "metadata": {},
   "outputs": [
    {
     "name": "stdout",
     "output_type": "stream",
     "text": [
      "[[-3.65148372e-01  8.16496581e-01  7.84245057e-17 -7.70698864e-02\n",
      "   4.40522681e-01]\n",
      " [-3.65148372e-01 -4.08248290e-01  4.44089210e-16  6.19457630e-01\n",
      "   5.62380871e-01]\n",
      " [-5.47722558e-01 -7.02491948e-17  7.07106781e-01  7.70698864e-02\n",
      "  -4.40522681e-01]\n",
      " [-3.65148372e-01 -4.08248290e-01 -1.65188709e-16 -7.73597403e-01\n",
      "   3.18664491e-01]\n",
      " [-5.47722558e-01 -1.47380436e-17 -7.07106781e-01  7.70698864e-02\n",
      "  -4.40522681e-01]]\n",
      "[[2.23606798 0.         0.        ]\n",
      " [0.         1.41421356 0.        ]\n",
      " [0.         0.         1.        ]\n",
      " [0.         0.         0.        ]\n",
      " [0.         0.         0.        ]]\n",
      "[[-4.08248290e-01 -8.16496581e-01 -4.08248290e-01]\n",
      " [ 5.77350269e-01 -5.77350269e-01  5.77350269e-01]\n",
      " [-7.07106781e-01  2.59129669e-16  7.07106781e-01]]\n",
      "[[ 1. -0.  1.]\n",
      " [-0.  1.  0.]\n",
      " [ 0.  1.  1.]\n",
      " [ 0.  1. -0.]\n",
      " [ 1.  1.  0.]]\n"
     ]
    }
   ],
   "source": [
    "A = np.matrix([[1,0,1],[0,1,0],[0,1,1],[0,1,0],[1,1,0]])\n",
    "U_mat, S_mat, V_mat = SVD(A)\n",
    "print(U_mat)\n",
    "print(S_mat)\n",
    "print(V_mat)\n",
    "print(np.round(U_mat*S_mat*V_mat, 2))"
   ]
  }
 ],
 "metadata": {
  "kernelspec": {
   "display_name": "base",
   "language": "python",
   "name": "python3"
  },
  "language_info": {
   "codemirror_mode": {
    "name": "ipython",
    "version": 3
   },
   "file_extension": ".py",
   "mimetype": "text/x-python",
   "name": "python",
   "nbconvert_exporter": "python",
   "pygments_lexer": "ipython3",
   "version": "3.11.4"
  }
 },
 "nbformat": 4,
 "nbformat_minor": 5
}
